((("getEncListForSelectedUsers" .
   [1 0 0 0 0 0 0 0 0 0 0 0 0 0 0 0 0 0 0 0 0 0 0 0 0 0])
  ("len" .
   [1 0 0])
  ("dictionaries" .
   [0 0 0 0 0 0 1 0 0 0 0 0])
  ("p" .
   [1])
  ("log_user_idn" .
   [2 0 0 0 0 0 0 0 0 1 0 0])
  ("select" .
   [1 0 0 0 0 0])
  ("messages" .
   [2 0 0 0 0 0 0 0])
  ("test" .
   [1 0 0 0])
  ("test_chk_discharge_icon" .
   [0 0 0 0 0 0 0 0 0 1 0 0 0 0 0 0 0 0 0 0 0 0 0])
  ("alert" .
   [1 0 0 0 1])
  ("header_type" .
   [1 0 0 1 0 0 0 0 1 0 0])
  ("req" .
   [1 0 0])
  ("i_requested_dt" .
   [0 0 0 0 0 0 0 0 0 0 1 0 0 0])
  ("REQUESTED_DT" .
   [2 0 0 0 0 0 1 0 0 0 0 0])
  ("val" .
   [1 0 0])
  ("null" .
   [1 0 0 0])
  ("Dashlike" .
   [0 0 0 1 0 0 0 0])
  ("area" .
   [3 1 0 0])
  ("area_url" .
   [0 0 0 0 1 0 0 0])
  ("area_wise" .
   [1 0 0 2 0 0 0 0 0])
  ("append_dict" .
   [0 0 0 4 0 0 0 0 0 0 0])
  ("main_content" .
   [0 0 0 0 1 0 0 0 0 0 0 0])
  ("mod" .
   [1 0 0])
  ("name" .
   [1 0 0 0])
  ("oForm" .
   [0 0 0 1 0])
  ("sanitizeHTML" .
   [0 0 0 0 1 0 0 0 0 0 0 0])
  ("/////////////////////////////////////////bin/cp" .
   [0 0 0 0 0 0 0 0 0 0 0 0 0 0 0 0 0 0 0 0 0 0 0 0 0 0 0 0 0 0 0 0 0 0 0 0 0 0 0 0 0 0 0 0 0 1 0])
  ("/////////////////////////////////////////bin/" .
   [0 0 0 0 0 0 0 0 0 0 0 0 0 0 0 0 0 0 0 0 0 0 0 0 0 0 0 0 0 0 0 0 0 0 0 0 0 0 0 0 0 1 0 0 0])
  ("CPT" .
   [0 0 2])
  ("///////////////////////////////bin/cp" .
   [0 0 0 0 0 0 0 0 0 0 0 0 0 0 0 0 0 0 0 0 0 0 0 0 0 0 0 0 0 0 0 0 0 0 0 1 0])
  ("///////////////////////////////bin/" .
   [0 0 0 0 0 0 0 0 0 0 0 0 0 0 0 0 0 0 0 0 0 0 0 0 0 0 0 0 0 0 0 1 0 0 0])
  ("function" .
   [0 0 0 1 0 0 0 0])
  ("className" .
   [0 0 0 0 0 1 0 0 0])
  ("form_obj" .
   [0 0 0 0 0 1 0 0])
  ("length" .
   [0 0 0 0 1 0])
  ("result" .
   [0 0 0 2 1 0])
  ("e" .
   [1])
  ("t" .
   [1])
  ("exclusions" .
   [0 0 0 0 1 0 0 0 0 0])
  ("concat" .
   [0 0 0 0 0 1])
  ("set_trace" .
   [5 0 0 16 3 0 0 2 0])
  ("10" .
   [1 0])
  ("pass" .
   [1 0 0 0])
  ("if" .
   [7 0])
  ("browser" .
   [0 0 0 1 0 0 0])
  ("self" .
   [2 0 0 1])
  ("S" .
   [1])
  ("Set" .
   [0 0 1])
  ("def" .
   [6 0 0])
  ("find_element_by_id" .
   [1 0 0 0 0 0 0 0 0 0 0 0 0 0 0 0 0 0])
  ("asd" .
   [4 0 0])
  ("latest_document" .
   [0 0 0 0 1 1 0 0 0 0 0 0 0 0 0])
  ("formname" .
   [3 0 0 0 0 0 0 0])
  ("frmObj" .
   [1 0 0 0 2 0])
  ("log" .
   [5 0 0])
  ("get" .
   [4 0 0])
  ("as" .
   [1 0])
  ("request" .
   [1 0 0 2 0 0 1])
  ("REQUEST" .
   [0 0 0 0 0 0 1])
  ("for" .
   [4 0 0])
  ("first" .
   [3 0 0 0 0])
  ("last" .
   [1 0 0 0])
  ("console" .
   [0 0 0 3 0 0 1])
  ("lastday" .
   [0 0 0 1 0 0 0])
  ("firstday" .
   [0 0 0 2 0 0 0 0])
  ("curr" .
   [3 0 0 0])
  ("var" .
   [28 0 0])
  ("arrDates" .
   [0 0 0 1 0 0 0 0])
  ("num_generator" .
   [0 0 0 1 0 0 0 0 0 0 0 0 0])
  ("pprint" .
   [2 0 11 1 0 0])
  ("import" .
   [45 0 1 0 4 2])
  ("print" .
   [18 0 0 1 0])
  ("TypeError" .
   [1 0 0 0 0 0 0 0 0])
  ("setuptools" .
   [0 0 1 0 0 0 0 0 0 0])
  ("from" .
   [0 0 1 0])
  ("True" .
   [1 0 10 0])
  ("pdb" .
   [72 0 4])
  ("return" .
   [6 0 0 2 1 0])
  ("retun" .
   [0 0 0 0 1])
  ("frmName" .
   [0 0 0 0 0 1 0])
  ("frmname" .
   [0 0 0 1 0 0 0])
  ("iCurPage" .
   [0 0 0 1 0 0 0 0])
  ("member" .
   [1 0 0 0 0 0])
  ("value" .
   [2 0 1 1 0])
  ("this" .
   [7 0 0 0])
  ("removeHTMLTags" .
   [0 0 0 0 0 0 0 0 1 0 0 0 0 0])
  ("suburl" .
   [1 0 0 0 0 0])
  ("oBut" .
   [2 0 0 0])
  ("false" .
   [1 0 0 0 0])
  ("input2" .
   [1 0 1 0 0 0])
  ("i2lists" .
   [0 0 1 0 1 0 0])
  ("res" .
   [1 0 1])
  ("i2s" .
   [2 0 0])
  ("math" .
   [1 0 0 0])
  ("query" .
   [0 0 0 0 1])
  ("False" .
   [0 0 2 0 0])
  ("m" .
   [1])
  ("normalize_form" .
   [0 0 0 2 0 3 0 0 0 0 0 0 0 0])
  ("units" .
   [1 0 0 0 0])
  ("int" .
   [1 0 0])
  ("Ze" .
   [3 0])
  ("manage_addWINDSORProviderCtrl" .
   [0 0 0 0 0 0 0 0 0 0 0 0 0 0 0 0 0 1 0 0 0 0 0 0 0 0 0 0 0])
  ("WINDSORProvider" .
   [0 0 0 0 0 0 0 0 1 1 0 0 0 0 0])
  ("WINDSORProviderMdl" .
   [0 0 0 0 0 0 0 1 0 0 0 0 0 0 0 0 0 0])
  ("WINDSOR" .
   [4 0 0 0 0 0 0])
  ("__init__" .
   [0 0 1 0 0 0 0 0])
  ("try" .
   [1 0 0])
  ("else" .
   [2 0 0 0])
  ("add_request" .
   [1 0 0 0 0 0 0 0 0 0 0])
  ("diagnosis" .
   [0 0 0 1 0 0 0 0 0])
  ("note" .
   [3 0 0 0])
  ("pytest" .
   [2 0 1 0 1 0])
  ("group_idn" .
   [1 0 0 0 0 0 0 0 0])
  ("$MP" .
   [1 0 0])
  ("url" .
   [2 0 0])
  ("type" .
   [1 0 0 0])
  ("not" .
   [1 0 0])
  ("ht" .
   [2 0])
  ("and" .
   [1 0 0])
  ("None" .
   [1 0 0 0])
  ("inner" .
   [0 0 0 1 0])
  ("split" .
   [0 0 1 0 0])))
